cam0:
  cam_overlaps: [1, 2, 3]
  camera_model: pinhole
  distortion_coeffs: [0.9345637078568199]
  distortion_model: fov
  intrinsics: [449.18609938420195, 450.3300046374731, 631.3506388323337, 505.7780956901301]
  resolution: [1280, 1024]
  rostopic: /cam/global/L/image/decimated
cam1:
  T_cn_cnm1:
  - [0.9992581035985592, 0.026125764617399242, -0.028296409944818027, 0.10142728679311605]
  - [-0.024967831037753522, 0.9988663408377806, 0.04052950227440195, 0.0010776174244223574]
  - [0.029323195696907573, -0.0397929336000352, 0.9987775891706931, -0.0005373866080573712]
  - [0.0, 0.0, 0.0, 1.0]
  cam_overlaps: [0, 2, 3]
  camera_model: pinhole
  distortion_coeffs: [0.9331686979903369]
  distortion_model: fov
  intrinsics: [450.8059046478647, 451.73110373644454, 634.3938003462969, 522.9106314281292]
  resolution: [1280, 1024]
  rostopic: /cam/global/R/image/decimated
cam2:
  T_cn_cnm1:
  - [0.9999941205167986, 0.000729318571690992, 0.0033506754922074146, 0.0004811323770145503]
  - [-0.0006578381222633987, 0.9997732335434334, -0.021284941604591847, 0.05827380308885129]
  - [-0.003365439174608531, 0.021282612258061145, 0.999767835167062, -0.0024752773684000146]
  - [0.0, 0.0, 0.0, 1.0]
  cam_overlaps: [0, 1, 3]
  camera_model: pinhole
  distortion_coeffs: [0.9317787361936432]
  distortion_model: fov
  intrinsics: [439.3589586385293, 439.73419431033886, 643.7971568958243, 509.63742080630993]
  resolution: [1280, 1024]
  rostopic: /cam/rolling/L/image/decimated
cam3:
  T_cn_cnm1:
  - [0.9999978908966399, -0.0007305947859960446, -0.0019194878301293957, -0.0998022720528289]
  - [0.000732590128970823, 0.9999991918731432, 0.001039021059909235, 0.00013992334296613793]
  - [0.0019187271755708197, -0.0010404250663434591, 0.9999976179980163, -8.418095032446396e-05]
  - [0.0, 0.0, 0.0, 1.0]
  cam_overlaps: [0, 1, 2]
  camera_model: pinhole
  distortion_coeffs: [0.9355173424135472]
  distortion_model: fov
  intrinsics: [450.59196442291244, 451.0225404652578, 629.3649924467247, 499.1298409600311]
  resolution: [1280, 1024]
  rostopic: /cam/rolling/R/image/decimated
