cam0:
  cam_overlaps: [1, 2, 3]
  camera_model: pinhole
  distortion_coeffs: [0.9344943016336922]
  distortion_model: fov
  intrinsics: [440.3781210116303, 440.8172815761103, 645.8416715765694, 507.72272049852523]
  resolution: [1280, 1024]
  rostopic: /cam/global/L/image
  T_cam_imu:                   
  - [-1,  0,  0,  0.05]
  - [ 0, -1,  0,  0.02]
  - [ 0,  0,  1, -0.05]
  - [ 0,  0,  0,  1]
cam1:
  T_cn_cnm1:
  - [0.9999877289907881, -0.004390318263213008, 0.0022949887559925914, -0.10131260941809712]
  - [0.004422990060584324, 0.9998860938620736, -0.014430400554553687, -0.00037642012479686775]
  - [-0.0022313732915866798, 0.014440374191432487, 0.9998932425846478, 0.00016725929618829533]
  - [0.0, 0.0, 0.0, 1.0]
  cam_overlaps: [0, 2, 3]
  camera_model: pinhole
  distortion_coeffs: [0.936127503536732]
  distortion_model: fov
  intrinsics: [446.8025295615781, 447.2120028366816, 641.0495840430931, 509.1153253591013]
  resolution: [1280, 1024]
  rostopic: /cam/global/R/image
  T_cam_imu:
  - [-0.999987728990792,  -0.004422990060584,  -0.002231373291587,   0.051337126744359]
  - [ 0.004390318263213,  -0.999886093862077,   0.014440374191433,  -0.020571057311664]
  - [-0.002294988755993,   0.014430400554554,   0.999893242584652,  -0.049760965589682]
  - [                 0,                   0,                   0,   1.000000000000000]
  
cam2:
  T_cn_cnm1:
  - [0.9999441450549553, 0.0031730863418910093, -0.010081581888945845, -0.0016585334793868438]
  - [-0.0033055361594182876, 0.9999080920882762, -0.013148414622460915, -0.056362472496348584]
  - [0.0100389342569515, 0.013181005251962785, 0.9998627310283819, -0.0006150766085446929]
  - [0.0, 0.0, 0.0, 1.0]
  cam_overlaps: [0, 1, 3]
  camera_model: pinhole
  distortion_coeffs: [0.9374081975216091]
  distortion_model: fov
  intrinsics: [449.66742121726946, 450.27026235611896, 633.441032800235, 503.4435498034985]
  resolution: [1280, 1024]
  rostopic: /cam/rolling/L/image
  T_cam_imu:
  - [-0.999944145054953,   0.003305536159418,   0.010038934256951,  -0.048954735877551]
  - [-0.003173086341891,  -0.999908092088274,   0.013181005251963,   0.035554795915682]
  - [ 0.010081581888946,   0.013148414622461,   0.999862731028380,  -0.049368894785528]
  - [                 0,                   0,                   0,   1.000000000000000]
cam3:
  T_cn_cnm1:
  - [0.9999955275733576, -0.0010862729732877242, 0.0027865470197763796, 0.10058151890842763]
  - [0.0009810266911959673, 0.9992962711267931, 0.03749666783464701, 0.0001633045627338809]
  - [-0.0028253176630391617, -0.037493766456548415, 0.9992928675103153, 0.001100810352906051]
  - [0.0, 0.0, 0.0, 1.0]
  cam_overlaps: [0, 1, 2]
  camera_model: pinhole
  distortion_coeffs: [0.9368335736607957]
  distortion_model: fov
  intrinsics: [451.7902805428678, 452.24338909454485, 635.2842017651845, 520.9514286169726]
  resolution: [1280, 1024]
  rostopic: /cam/rolling/R/image
  T_cam_imu:
  - [-0.999995527573374,  -0.000981026691196,  -0.002825317663039,  -0.150456250161506]
  - [ 0.001086272973288,  -0.999296271126809,  -0.037493766456549,  -0.018069580579755]
  - [-0.002786547019776,  -0.037496667834648,   0.999292867510331,  -0.052240334526042]
  - [                 0,                   0,                   0,   1.000000000000000]
